2538021453
5190029544
5190033581
5190039389
5190069022
5190100161
5190200910
5190803212
5190901845
6500011562
6500012189
6500012301
6500016426
6500019120
6500020084
6512001150
6512002964
6514002039
6515001310
6516008854
2536010639
2536252290
2539107572
2720023051
2721058970
2721212301
2721247745
2721247752
2721252625
2721255753
2723030402
2723108634
3000010251
3000013894
3000013904
3000013911
3903001988
3904007492
3904019794
3904061362
3905002183
3905032364
3906021076
3906139409
3906143677
4100006437
4100006765
4100009251
4100013811
4100015921
4100016925
4100019115
4100043615
4100045193
4101024943
4101179538
4101181939
4101186849
4101186856
4101186863
4101188821
4102006640
4102007080
4105045817
4105045951
4105046627
4107000385
4107002304
4108000596
4108002547
4108003188
4108003491
4108006887
4109002892
4109004755
4900004742
4900012366
4900019185
4901006767
4901007489
4909073116
4909073370
4909078918
4909084252
4909107196
4909110456
4909114690
4909120133
4909120214
5105003590
5105090018
5105097310
5106090010
5110310861
5110330018
5111000421
5111002203
5116040354
5190005317
5190022810
5190045775
5190047268
5190057114
5190058125
5190059270
5190060999
5190064087
5190081090
5190089081
5190133118
5190158698
5190178334
5190181619
5190303835
5190306152
5190306184
5190307276
5190401159
5190409687
5190500022
5190909506
5190919261
5190932640
5191308586
5191309710
5191309942
5191315872
5191324764
5191324796
5191402420
5192910754
5193103376
5193400971
5193404006
5193410419
6500001444
6500021539
6501007569
6501142705
6501189171
6501189365
6501218506
6501221019
6501239224
6501255032
6501266147
6501308252
6503013060
6509008370
6514008760
8300080121
8300080139
8300080146
8300080153
8300080160
8709907770